NODES:
------------
1 4.163385826771653 1.9094488188976377 1 1 1 1 50.763208195000004
2 4.596456692913385 1.9094488188976377 1 1 1 1 50.763208195000004
3 4.618675455803839 1.9075049290271526 1 1 1 1 50.763208195000004
4 4.640219112827102 1.901732323525756 1 1 1 1 50.763208195000004
5 4.660433070866141 1.8923064000905285 1 1 1 1 50.763208195000004
6 4.6787031390346945 1.8795135606353024 1 1 1 1 50.763208195000004
7 4.694474190556562 1.8637425091134352 1 1 1 1 50.763208195000004
8 4.7072670300117885 1.845472440944882 1 1 1 1 50.763208195000004
9 4.716692953447016 1.8252584829058436 1 1 1 1 50.763208195000004
10 4.722465558948412 1.8037148258825795 1 1 1 1 50.763208195000004
11 4.724409448818897 1.781496062992126 1 1 1 1 50.763208195000004
12 4.724409448818897 0.9547244094488189 1 1 1 1 50.763208195000004
13 4.724409448818897 0.1279527559055118 1 1 1 1 50.763208195000004
14 4.722465558948413 0.1057339930150581 1 1 1 1 50.763208195000004
15 4.716692953447016 0.08419033599179436 1 1 1 1 50.763208195000004
16 4.7072670300117885 0.06397637795275589 1 1 1 1 50.763208195000004
17 4.694474190556562 0.04570630978420264 1 1 1 1 50.763208195000004
18 4.678703139034695 0.029935258262335486 1 1 1 1 50.763208195000004
19 4.660433070866142 0.017142418807109244 1 1 1 1 50.763208195000004
20 4.640219112827103 0.007716495371881776 1 1 1 1 50.763208195000004
21 4.61867545580384 0.0019438898704851693 1 1 1 1 50.763208195000004
22 4.596456692913386 -2.3504539944265143e-17 1 1 1 1 50.763208195000004
23 3.4940944881889764 -2.2600519177178024e-16 1 1 1 1 50.763208195000004
24 2.3917322834645667 -4.2850584359929527e-16 1 1 1 1 50.763208195000004
25 1.2893700787401574 -6.310064954268104e-16 1 1 1 1 50.763208195000004
26 0.18700787401574803 -8.335071472543255e-16 1 1 1 1 50.763208195000004
27 0.1647891111252942 0.0019438898704843338 1 1 1 1 50.763208195000004
28 0.1432454541020305 0.007716495371880967 1 1 1 1 50.763208195000004
29 0.12303149606299213 0.01714241880710839 1 1 1 1 50.763208195000004
30 0.10476142789443871 0.02993525826233463 1 1 1 1 50.763208195000004
31 0.08899037637257196 0.04570630978420177 1 1 1 1 50.763208195000004
32 0.07619753691734563 0.063976377952755 1 1 1 1 50.763208195000004
33 0.06677161348211813 0.08419033599179353 1 1 1 1 50.763208195000004
34 0.06099900798072118 0.10573399301505726 1 1 1 1 50.763208195000004
35 0.05905511811023622 0.12795275590551095 1 1 1 1 50.763208195000004
36 0.05905511811023622 0.9547244094488181 1 1 1 1 50.763208195000004
37 0.05905511811023566 1.781496062992125 1 1 1 1 50.763208195000004
38 0.060999007980720624 1.8037148258825786 1 1 1 1 50.763208195000004
39 0.06677161348211758 1.8252584829058427 1 1 1 1 50.763208195000004
40 0.07619753691734507 1.845472440944881 1 1 1 1 50.763208195000004
41 0.0889903763725714 1.863742509113434 1 1 1 1 50.763208195000004
42 0.10476142789443815 1.8795135606353015 1 1 1 1 50.763208195000004
43 0.12303149606299156 1.8923064000905279 1 1 1 1 50.763208195000004
44 0.14324545410202993 1.901732323525755 1 1 1 1 50.763208195000004
45 0.16478911112529365 1.9075049290271517 1 1 1 1 50.763208195000004
46 0.18700787401574748 1.9094488188976368 1 1 1 1 50.763208195000004
47 0.6200787401574798 1.9094488188976368 1 1 1 1 50.763208195000004

ELEMENTS:
------------
1 1 2 0.05905511811023622 100
2 2 3 0.05905511811023622 100
3 3 4 0.05905511811023622 100
4 4 5 0.05905511811023622 100
5 5 6 0.05905511811023622 100
6 6 7 0.05905511811023622 100
7 7 8 0.05905511811023622 100
8 8 9 0.05905511811023622 100
9 9 10 0.05905511811023622 100
10 10 11 0.05905511811023622 100
11 11 12 0.05905511811023622 100
12 12 13 0.05905511811023622 100
13 13 14 0.05905511811023622 100
14 14 15 0.05905511811023622 100
15 15 16 0.05905511811023622 100
16 16 17 0.05905511811023622 100
17 17 18 0.05905511811023622 100
18 18 19 0.05905511811023622 100
19 19 20 0.05905511811023622 100
20 20 21 0.05905511811023622 100
21 21 22 0.05905511811023622 100
22 22 23 0.05905511811023622 100
23 23 24 0.05905511811023622 100
24 24 25 0.05905511811023622 100
25 25 26 0.05905511811023622 100
26 26 27 0.05905511811023622 100
27 27 28 0.05905511811023622 100
28 28 29 0.05905511811023622 100
29 29 30 0.05905511811023622 100
30 30 31 0.05905511811023622 100
31 31 32 0.05905511811023622 100
32 32 33 0.05905511811023622 100
33 33 34 0.05905511811023622 100
34 34 35 0.05905511811023622 100
35 35 36 0.05905511811023622 100
36 36 37 0.05905511811023622 100
37 37 38 0.05905511811023622 100
38 38 39 0.05905511811023622 100
39 39 40 0.05905511811023622 100
40 40 41 0.05905511811023622 100
41 41 42 0.05905511811023622 100
42 42 43 0.05905511811023622 100
43 43 44 0.05905511811023622 100
44 44 45 0.05905511811023622 100
45 45 46 0.05905511811023622 100
46 46 47 0.05905511811023622 100
