NODES:
------------
1 3.1732283464566926 1.921259842519685 1 1 1 1 50.763208195000004
2 3.4409448818897634 1.921259842519685 1 1 1 1 50.763208195000004
3 3.4587198922021267 1.9197047306232966 1 1 1 1 50.763208195000004
4 3.475954817820737 1.9150866462221796 1 1 1 1 50.763208195000004
5 3.492125984251968 1.9075459074739975 1 1 1 1 50.763208195000004
6 3.5067420387868107 1.8973116359098163 1 1 1 1 50.763208195000004
7 3.5193588800043045 1.8846947946923227 1 1 1 1 50.763208195000004
8 3.5295931515684855 1.87007874015748 1 1 1 1 50.763208195000004
9 3.5371338903166674 1.8539075737262494 1 1 1 1 50.763208195000004
10 3.541751974717785 1.8366726481076383 1 1 1 1 50.763208195000004
11 3.5433070866141727 1.8188976377952755 1 1 1 1 50.763208195000004
12 3.543307086614173 0.9606299212598425 1 1 1 1 50.763208195000004
13 3.543307086614173 0.10236220472440945 1 1 1 1 50.763208195000004
14 3.5417519747177852 0.08458719441204648 1 1 1 1 50.763208195000004
15 3.5371338903166674 0.06735226879343549 1 1 1 1 50.763208195000004
16 3.5295931515684855 0.05118110236220472 1 1 1 1 50.763208195000004
17 3.519358880004305 0.03656504782736212 1 1 1 1 50.763208195000004
18 3.506742038786811 0.023948206609868395 1 1 1 1 50.763208195000004
19 3.4921259842519685 0.013713935045687388 1 1 1 1 50.763208195000004
20 3.475954817820738 0.006173196297505421 1 1 1 1 50.763208195000004
21 3.4587198922021267 0.0015551118963881459 1 1 1 1 50.763208195000004
22 3.440944881889764 -1.8803631955412115e-17 1 1 1 1 50.763208195000004
23 2.6181102362204722 -1.6995590421237872e-16 1 1 1 1 50.763208195000004
24 1.7952755905511812 -3.2110817646934533e-16 1 1 1 1 50.763208195000004
25 0.9724409448818898 -4.722604487263119e-16 1 1 1 1 50.763208195000004
26 0.14960629921259888 -6.234127209832784e-16 1 1 1 1 50.763208195000004
27 0.13183128890023513 0.0015551118963875172 1 1 1 1 50.763208195000004
28 0.1145963632816244 0.006173196297504821 1 1 1 1 50.763208195000004
29 0.09842519685039369 0.013713935045686762 1 1 1 1 50.763208195000004
30 0.08380914231555096 0.023948206609867746 1 1 1 1 50.763208195000004
31 0.07119230109805734 0.036565047827361453 1 1 1 1 50.763208195000004
32 0.06095802953387617 0.051181102362204044 1 1 1 1 50.763208195000004
33 0.05341729078569417 0.06735226879343487 1 1 1 1 50.763208195000004
34 0.048799206384577055 0.08458719441204586 1 1 1 1 50.763208195000004
35 0.04724409448818909 0.10236220472440881 1 1 1 1 50.763208195000004
36 0.04724409448818909 0.9606299212598417 1 1 1 1 50.763208195000004
37 0.047244094488188525 1.8188976377952748 1 1 1 1 50.763208195000004
38 0.0487992063845765 1.8366726481076376 1 1 1 1 50.763208195000004
39 0.053417290785693614 1.8539075737262487 1 1 1 1 50.763208195000004
40 0.06095802953387561 1.8700787401574794 1 1 1 1 50.763208195000004
41 0.07119230109805678 1.8846947946923223 1 1 1 1 50.763208195000004
42 0.08380914231555041 1.8973116359098159 1 1 1 1 50.763208195000004
43 0.09842519685039314 1.9075459074739969 1 1 1 1 50.763208195000004
44 0.11459636328162384 1.9150866462221787 1 1 1 1 50.763208195000004
45 0.13183128890023457 1.9197047306232962 1 1 1 1 50.763208195000004
46 0.14960629921259774 1.9212598425196843 1 1 1 1 50.763208195000004
47 0.41732283464566905 1.9212598425196843 1 1 1 1 50.763208195000004

ELEMENTS:
------------
1 1 2 0.047244094488188976 100
2 2 3 0.047244094488188976 100
3 3 4 0.047244094488188976 100
4 4 5 0.047244094488188976 100
5 5 6 0.047244094488188976 100
6 6 7 0.047244094488188976 100
7 7 8 0.047244094488188976 100
8 8 9 0.047244094488188976 100
9 9 10 0.047244094488188976 100
10 10 11 0.047244094488188976 100
11 11 12 0.047244094488188976 100
12 12 13 0.047244094488188976 100
13 13 14 0.047244094488188976 100
14 14 15 0.047244094488188976 100
15 15 16 0.047244094488188976 100
16 16 17 0.047244094488188976 100
17 17 18 0.047244094488188976 100
18 18 19 0.047244094488188976 100
19 19 20 0.047244094488188976 100
20 20 21 0.047244094488188976 100
21 21 22 0.047244094488188976 100
22 22 23 0.047244094488188976 100
23 23 24 0.047244094488188976 100
24 24 25 0.047244094488188976 100
25 25 26 0.047244094488188976 100
26 26 27 0.047244094488188976 100
27 27 28 0.047244094488188976 100
28 28 29 0.047244094488188976 100
29 29 30 0.047244094488188976 100
30 30 31 0.047244094488188976 100
31 31 32 0.047244094488188976 100
32 32 33 0.047244094488188976 100
33 33 34 0.047244094488188976 100
34 34 35 0.047244094488188976 100
35 35 36 0.047244094488188976 100
36 36 37 0.047244094488188976 100
37 37 38 0.047244094488188976 100
38 38 39 0.047244094488188976 100
39 39 40 0.047244094488188976 100
40 40 41 0.047244094488188976 100
41 41 42 0.047244094488188976 100
42 42 43 0.047244094488188976 100
43 43 44 0.047244094488188976 100
44 44 45 0.047244094488188976 100
45 45 46 0.047244094488188976 100
46 46 47 0.047244094488188976 100
